  6.01199679E-01  1.79870258E-02  5.31434417E-01 -1.97027374E-02 -1.99930814E-02
  4.86865956E-01 -7.81997096E-02  4.68620231E-03  2.43869882E-03  6.75016955E-01
  5.13497180E-03 -9.14009482E-02 -1.82660070E-02  1.76845607E-01  3.05475212E-01
  2.35940238E-03 -1.76816145E-02 -1.99408074E-01  2.28607931E-01  1.53134465E-01
  7.21761900E-01 -2.57453388E-01 -6.55856165E-02  1.02210888E-01 -1.40586478E-04
  9.56347561E-04 -2.44272405E-03  2.74192126E-01 -6.68425459E-02 -6.81441570E-02
  3.30217558E-02  6.87166231E-03 -6.22370992E-04 -3.19377031E-03  7.20588716E-02
  6.85413649E-02  9.47838597E-02  3.00025901E-02 -9.61837897E-02  3.08181788E-02
  1.09804184E-02 -1.13331748E-02 -1.09045103E-01 -3.32229583E-02  1.04312500E-01
 -2.77512017E-03 -1.19339004E-02 -1.31889761E-02 -4.66100603E-01 -1.68941202E-01
 -2.89852697E-01  1.25601340E-03  5.10702216E-04 -1.31263805E-03  5.73060044E-01
 -1.68651526E-02  1.91869331E-02 -1.30336432E-02 -1.65482773E-01 -1.48531324E-01
 -1.30035020E-01  4.81224751E-04 -2.11350140E-04 -1.57151260E-04  2.17279710E-01
  1.19917504E-01 -3.77240924E-02 -1.96146891E-02 -2.16596664E-02 -2.67308494E-01
 -1.24919314E-01 -3.26117510E-01 -6.39955952E-04  6.72623622E-04  3.41163276E-03
  3.12296753E-01  1.45446695E-01  3.20549527E-01 -4.85758097E-02 -4.20898903E-02
 -1.77503856E-03 -2.53299580E-03 -1.12605117E-03 -2.70765132E-03 -2.21651573E-03
 -2.66523995E-02 -5.67272917E-03  3.70904706E-04  6.42607814E-04 -1.60659520E-03
  4.99147551E-02 -4.11157971E-02 -2.99148693E-01 -3.63477486E-02 -2.64831846E-03
 -6.05734411E-03 -2.10495740E-03 -1.20915111E-04 -5.92392168E-03 -5.04971151E-04
  1.65138455E-03  5.29314511E-04 -4.34863345E-05  4.49069939E-02  3.24673230E-01
 -1.96619344E-03 -3.80662957E-02 -5.00110323E-02 -6.00326411E-03 -3.79653492E-02
 -2.34755132E-03  3.82388887E-04  1.38666549E-02  1.85891531E-03 -1.50506183E-03
  3.73992251E-03 -5.50525862E-03  5.98509303E-03  4.10531257E-02  5.39935699E-02
 -2.02351066E-01  1.02252742E-01 -8.37357574E-02 -2.07607689E-03 -3.11160247E-03
 -2.22425668E-03 -1.71092799E-02  1.37046434E-02 -1.21185427E-02  1.57607483E-03
  9.82334747E-04 -5.85181270E-04  3.90605942E-03 -2.65891267E-03  2.92552101E-03
  2.16411084E-01  1.01217738E-01 -1.05158585E-01  5.77426742E-02 -6.66050995E-03
  3.54873829E-03 -4.14523095E-03 -7.22042901E-03  4.63090562E-03 -5.88840609E-03
 -1.70618298E-04 -2.00015846E-03 -2.44776815E-03  2.47433539E-02 -1.52156372E-02
  1.43480257E-02 -1.11171948E-01  1.14334148E-01 -8.31791549E-02  5.78576663E-02
 -9.45371990E-02 -2.92522719E-02  2.01302946E-02 -1.15040518E-02  9.92406432E-03
 -8.60566014E-03  6.81500350E-03  1.36698701E-03 -4.84278358E-03 -5.10210851E-03
  4.52400705E-03 -2.26004868E-03  2.32288520E-03  9.45036959E-02 -6.00908478E-02
  1.00851099E-01 -6.57450867E-03 -2.68998843E-03  1.31161367E-02 -1.24280812E-01
 -1.49790087E-02  1.95761198E-02  1.04706852E-03  3.49666289E-05  1.04072664E-03
 -1.05904061E-01 -3.89128521E-02 -8.33278281E-03 -8.60472238E-04 -2.45983916E-04
  3.90268945E-04 -7.41165051E-04 -5.35994241E-04  1.99054171E-03  3.21979771E-01
  8.79682101E-04  9.89828260E-03 -3.10751186E-03 -1.68117625E-02 -6.49684242E-02
 -2.27302061E-03 -4.57216444E-04  1.24880120E-03 -1.05680229E-03 -3.73851625E-02
  1.39042354E-02 -4.63491900E-04 -2.62185060E-04  9.63133839E-04  2.38774999E-03
  3.10993268E-04 -2.47517198E-05 -1.99511674E-03  6.83787805E-02  8.58496012E-02
  4.25052738E-02  5.94230721E-03 -2.88686194E-02  5.75705415E-03 -6.16103394E-03
 -1.27381937E-01  1.56304057E-05 -1.98738993E-03 -8.68674373E-03  8.76814752E-03
  2.62543399E-03  3.43841017E-02  1.45147408E-03  7.79657774E-04 -3.80168957E-04
  1.76442751E-03  3.70974135E-04  9.35717160E-04 -5.47312041E-02  1.91897400E-02
  4.59900464E-01 -4.97665192E-03 -2.49691958E-03  1.17293499E-03 -2.46511296E-04
  3.76206679E-03  4.44178736E-02  4.22805309E-04  2.70110708E-04  1.49619035E-03
 -1.14069016E-03  1.54746033E-03  1.77079243E-03  2.65978381E-05  2.07101948E-04
 -1.01243607E-04  3.22858086E-04 -1.60922514E-04  2.67625524E-04 -9.92038482E-02
 -1.25175377E-02 -5.42884101E-03  6.27231050E-01 -1.00528448E-04  3.53772447E-03
 -9.67611639E-04 -5.05868142E-03 -7.03000206E-04  1.23976251E-02 -6.17473408E-05
  5.28750608E-04 -4.87568313E-04  3.36349757E-03 -1.77482460E-03 -1.43695264E-03
 -1.15750006E-04  4.06887822E-04  6.56561090E-04 -2.27178051E-04 -1.55819038E-04
 -1.57336684E-04 -5.08055119E-03 -5.49630362E-02 -4.23275952E-02  6.41283332E-02
  3.53029431E-01  4.93022668E-04  9.09121963E-04  4.63441007E-03  5.88405265E-02
  1.07806266E-02 -3.98612507E-02 -5.30868979E-04 -4.70265377E-04  6.50169471E-04
 -2.33714823E-02 -7.18332654E-03 -6.52332059E-03 -2.97144250E-04 -7.53675006E-04
 -7.13100674E-05 -6.55458749E-04  1.25796558E-04 -1.52255164E-05  2.51677059E-03
 -1.05135682E-02 -2.42373355E-01 -2.09033056E-02  8.63065396E-02  4.62296546E-01
  1.50776878E-05  5.45865277E-05  6.56375196E-05  7.87174375E-04  7.93627688E-04
 -2.08409672E-03  3.07022875E-05  5.71427133E-06  1.11264526E-05  2.90681524E-04
  1.22558311E-04  1.15209404E-03  1.46522547E-05 -8.73541184E-06  8.21336731E-06
 -1.28085697E-05  2.06631555E-05  6.25424659E-06  3.08661670E-03 -7.75920146E-04
  3.83799508E-03 -3.11581162E-01  3.81982371E-02  6.19936814E-02  3.23991131E-01
 -1.01412234E-04 -5.72083759E-05  1.64686218E-04 -1.06844194E-03  1.84737799E-03
 -8.20761041E-04  8.99172080E-06 -2.96892224E-05  7.04322243E-05 -5.67772011E-04
 -1.69921961E-04  1.42151297E-03  5.33609436E-05 -1.84910307E-05 -1.94225982E-05
 -1.35447963E-05  3.94518434E-05  2.55047963E-05 -5.64914197E-04  3.85244981E-04
  2.19347573E-03  4.48692998E-02 -4.37459618E-02 -2.06779765E-02 -4.60835984E-02
  4.51328986E-02  1.62176440E-03  9.93929967E-04 -5.26538816E-04 -6.46143570E-03
 -5.36026985E-03 -4.87788322E-03 -6.71521702E-05 -5.37003365E-05 -5.64155563E-04
  1.33904758E-03  8.02543774E-04  2.95376745E-03  2.29630198E-05  1.15761053E-05
  1.15654574E-04 -4.60883280E-06  2.74833452E-05 -7.09444704E-05  4.12772321E-02
 -3.14509069E-03 -2.40558196E-02  4.77989694E-02 -1.33685893E-02 -5.67980587E-02
 -6.96654721E-02  1.32865287E-02  7.57515390E-02 -2.52168426E-04 -3.36048790E-04
 -4.43302864E-04 -7.85444843E-04  1.23280132E-03  2.39151163E-03 -2.30026423E-05
  1.32453652E-05  2.69994084E-05 -1.48077108E-03 -2.57698426E-04  1.50062054E-03
 -2.61948476E-05  1.67259930E-06 -1.44386902E-04  5.36960272E-05 -5.13544864E-05
 -1.48357340E-04  8.15030384E-03  2.11698047E-03 -2.34483718E-03 -1.78204318E-01
 -1.16539622E-01 -7.35694914E-02 -1.05060421E-02 -1.70824052E-02 -9.50701087E-03
  1.81564559E-01  6.27686045E-06  4.29859373E-05  5.17874476E-05 -1.64471430E-03
 -6.97331679E-04 -7.89502248E-04 -4.01348340E-06 -9.20736993E-06  3.92767239E-05
 -1.73342273E-04 -3.25601759E-04  2.37229878E-03  2.58644975E-06 -2.73894814E-05
  5.83599078E-06  5.22369688E-05 -5.99061871E-06  1.16638671E-05  2.02449154E-03
  5.68760950E-03 -1.03043995E-04 -1.19563834E-01 -1.41282915E-01 -7.80923585E-02
  6.53976401E-03  7.22483503E-03  4.40238938E-03  1.25607139E-01  1.48115017E-01
  5.02581841E-04  3.05454062E-04  9.57221513E-05 -8.43393568E-03 -1.93263511E-03
  4.49518086E-04  1.15018722E-04  3.57519812E-05 -1.44251493E-04  2.82951575E-03
  1.54168714E-03  2.18964193E-03 -2.11777103E-05  1.36067563E-04  1.40282660E-04
 -1.66912690E-05 -5.30870097E-05  2.00794202E-04 -1.87134264E-02 -2.36914516E-02
 -3.03811265E-02 -6.59966768E-02 -6.36062461E-02 -9.16899830E-02  3.79951433E-03
  5.16274676E-03  5.81021072E-03  8.25660886E-02  7.68558638E-02  1.10172546E-01
 -1.14687755E-04  7.54131108E-05 -2.00370240E-04 -1.37198088E-03 -4.08568625E-04
  2.38479957E-03 -9.24555738E-06  1.01717255E-05 -1.98373445E-05  5.62332157E-04
  5.33443510E-04 -7.50328146E-04  3.96492422E-05  3.66732397E-05  3.12539955E-05
  2.71118859E-05  1.98618953E-05 -7.87481627E-06  3.05707759E-03 -3.39011018E-03
 -2.84055784E-03 -3.00212803E-02  1.05443165E-02  1.36967586E-03 -6.84578590E-03
  2.09985808E-02 -6.32971054E-03  5.73656681E-04 -1.23426681E-02  2.83452446E-03
  3.54900456E-02 -3.18946834E-04 -1.48488921E-04  8.79844865E-04  1.47597990E-02
  2.57959669E-03 -5.50265470E-03 -7.08338525E-05  2.30883164E-06  2.84845320E-04
 -4.74227465E-03 -5.23534840E-04 -1.53008907E-03 -1.22668789E-04 -2.00891735E-04
  1.36817269E-05 -1.37614076E-04  1.76220233E-05 -1.36879051E-04 -9.82205784E-03
 -3.78132858E-04  2.76513574E-02  8.09864201E-03 -5.78153781E-02 -1.06210887E-02
  8.33643726E-04 -1.41443762E-02  3.37667827E-03  6.91485245E-03 -2.16871781E-02
  6.31008681E-03 -1.30145881E-02  8.14483012E-02  3.63662580E-04 -5.98476286E-04
 -4.84687877E-04 -1.00795433E-02 -1.45838681E-04  8.39878105E-04  7.35029509E-05
 -9.10012098E-05 -1.72183421E-04  2.90909064E-03  8.92511658E-04  1.46537531E-03
  1.00922240E-04  2.95153058E-05 -2.48127897E-04  1.62361573E-04 -1.63667125E-05
  1.12768490E-04  2.98898011E-03  2.45975015E-02 -3.74418744E-02  5.09727273E-04
 -7.76923090E-04 -1.80055210E-02  1.20108289E-03  7.11471020E-04  1.90002969E-03
 -1.54603655E-03 -3.60486895E-03  2.54875882E-03  2.07281688E-03 -1.49451516E-02
  4.92405255E-02  5.83535737E-05  7.63944400E-05  4.18863879E-05 -6.94091095E-05
 -1.58988983E-04 -4.26211573E-04  3.30290920E-06  1.48572463E-05 -8.23122611E-06
  2.85194821E-04 -7.08633246E-05  2.27170198E-04 -6.06302396E-05 -5.16359594E-06
 -2.58935466E-06 -6.48812610E-06 -2.98396078E-05  4.48320983E-06  2.44029521E-04
 -8.65417450E-05  1.24543759E-03 -2.62884973E-03  1.09496738E-02 -5.88592584E-03
  7.29762308E-04 -4.48144557E-04 -2.45862866E-05  9.35725963E-04 -5.03922844E-04
  5.34664128E-04 -1.38689280E-03 -2.37795300E-03  1.24343274E-03  1.89590095E-03
  1.18688846E-04 -4.22631711E-05 -1.45144830E-04 -3.78806916E-03 -4.70181764E-04
  1.01444092E-03  1.53361868E-05 -1.14347967E-05 -5.97053081E-05  1.10897820E-03
 -1.27087957E-06  5.42660488E-04  2.00418598E-05  1.98020683E-05 -2.04900910E-05
  1.78503410E-05 -9.92364984E-06  6.35430748E-05  2.39311193E-03  2.39743622E-03
 -8.17388319E-03  1.18561992E-02 -5.70618593E-02  3.01901741E-02  2.99459129E-04
  3.53584014E-03 -9.73479427E-04 -1.61956286E-03  2.96516574E-03 -1.06423829E-03
 -3.06252588E-03  1.08501520E-02 -6.05237303E-03 -7.35950784E-03  3.78285373E-02
 -5.73892535E-05 -5.69125739E-05  8.35189745E-05  1.07655593E-03 -2.75357569E-04
 -2.19864694E-04  4.31063520E-06  2.79593606E-05  3.60780412E-05 -2.78685714E-04
  2.03130093E-04 -4.61824716E-05 -4.12320472E-06  4.94475287E-06  1.32141541E-04
 -1.55091140E-05  2.67527435E-05 -8.73834937E-06 -1.11936321E-03  7.10623261E-05
  4.34936129E-03 -5.00404658E-03  2.37680972E-02 -1.22431004E-02 -3.26030563E-04
 -1.51819825E-03  3.62198940E-04  1.21820288E-03 -1.14934233E-03  6.07886458E-04
  1.45560816E-03 -5.78063128E-03  2.45058710E-04  3.05047003E-03 -1.53215044E-02
  6.70164195E-03